myChart.setOption({
    geo3D: {
        map: 'world',
        shading: 'realistic',
        silent: true,
        environment: '#333',
        realisticMaterial: {
            roughness: 0.8,
            metalness: 0
        },
        postEffect: { enable: true },
        groundPlane: { show: false },
        light: {
            main: { intensity: 1, alpha: 20 },
            ambient: { intensity: 2 }
        },
        viewControl: {
            distance: 9,
            alpha: 89,
            panMouseButton: 'left',
            rotateMouseButton: 'right'
        },
        itemStyle: { color: '#000' },
        regionHeight: 0.5
    },
    series: [
        {
            type: 'lines3D',
            coordinateSystem: 'geo3D',
            effect: {
                show: true,
                trailWidth: 1,
                trailOpacity: 0.5,
                trailLength: 0.2,
                constantSpeed: 3
            },
            blendMode: 'lighter',
            lineStyle: { width: 4, opacity: 0.110278 },
            data: [
                [[9.560770035, 47.48500061], [16.56970024, 48.11029816]]
                , [[38.79930115, 8.977890015], [55.521801, -4.67434]]
                , [[-4.499110222, 36.67490005], [2.07846, 41.2971]]
                , [[-4.499110222, 36.67490005], [16.56970024, 48.11029816]]
                , [[4.76389, 52.308601], [-84.428101, 33.6367]]
                , [[4.76389, 52.308601], [16.56970024, 48.11029816]]
                , [[23.94449997, 37.93640137], [16.56970024, 48.11029816]]
                , [[-84.428101, 33.6367], [4.76389, 52.308601]]
                , [[-84.428101, 33.6367], [8.570556, 50.033333]]
                , [[-84.428101, 33.6367], [-111.9779968, 40.78839874]]
                , [[-84.428101, 33.6367], [16.56970024, 48.11029816]]
                , [[26.10210037, 44.50320053], [16.56970024, 48.11029816]]
                , [[2.07846, 41.2971], [2.738810062, 39.55170059]]
                , [[2.07846, 41.2971], [16.56970024, 48.11029816]]
                , [[2.07846, 41.2971], [8.54917, 47.464699]]
                , [[17.947001, 40.6576], [16.56970024, 48.11029816]]
                , [[116.0510025, 5.937210083], [100.7470016, 13.68109989]]
                , [[116.0510025, 5.937210083], [120.559998, 15.186]]
                , [[100.7470016, 13.68109989], [115.1669998, -8.748169899]]
                , [[100.7470016, 13.68109989], [8.570556, 50.033333]]
                , [[100.7470016, 13.68109989], [100.3929977, 6.933209896]]
                , [[100.7470016, 13.68109989], [98.316902, 8.1132]]
                , [[100.7470016, 13.68109989], [104.8440018, 11.54660034]]
                , [[100.7470016, 13.68109989], [103.994003, 1.35019]]
                , [[100.7470016, 13.68109989], [16.56970024, 48.11029816]]
                , [[100.7470016, 13.68109989], [8.54917, 47.464699]]
                , [[11.2887, 44.5354], [16.56970024, 48.11029816]]
                , [[-68.26850128, 12.13099957], [-68.959801, 12.1889]]
                , [[8.786669731, 53.04750061], [11.7861, 48.353802]]
                , [[4.48443985, 50.90140152], [16.56970024, 48.11029816]]
                , [[4.48443985, 50.90140152], [8.54917, 47.464699]]
                , [[19.261093, 47.42976], [26.085, 44.5711111]]
                , [[2.55, 49.012798], [-68.36340332, 18.56739998]]
                , [[2.55, 49.012798], [16.56970024, 48.11029816]]
                , [[19.9116993, 39.60189819], [16.56970024, 48.11029816]]
                , [[7.142739773, 50.86589813], [16.56970024, 48.11029816]]
                , [[-80.94309998, 35.2140007], [-72.26589966, 21.77359962]]
                , [[12.65600014, 55.61790085], [8.570556, 50.033333]]
                , [[12.65600014, 55.61790085], [16.56970024, 48.11029816]]
                , [[15.0664, 37.466801], [16.56970024, 48.11029816]]
                , [[-86.87709808, 21.03650093], [-99.072098, 19.4363]]
                , [[-86.87709808, 21.03650093], [-80.29060364, 25.79319954]]
                , [[-68.959801, 12.1889], [-68.26850128, 12.13099957]]
                , [[-68.959801, 12.1889], [-79.63059998, 43.67720032]]
                , [[39.202599, -6.87811], [40.18180084, -10.33909988]]
                , [[39.202599, -6.87811], [8.54917, 47.464699]]
                , [[-97.038002, 32.896801], [-86.87709808, 21.03650093]]
                , [[-97.038002, 32.896801], [8.570556, 50.033333]]
                , [[51.608056, 25.273056], [16.56970024, 48.11029816]]
                , [[115.1669998, -8.748169899], [98.316902, 8.1132]]
                , [[7.612239838, 51.5182991], [16.56970024, 48.11029816]]
                , [[-6.27007, 53.421299], [8.54917, 47.464699]]
                , [[6.76678, 51.289501], [-84.428101, 33.6367]]
                , [[6.76678, 51.289501], [16.56970024, 48.11029816]]
                , [[55.36439896, 25.25279999], [100.7470016, 13.68109989]]
                , [[55.36439896, 25.25279999], [16.56970024, 48.11029816]]
                , [[-74.16870117, 40.69250107], [16.56970024, 48.11029816]]
                , [[12.2388889, 41.8002778], [14.4775, 35.857498]]
                , [[12.2388889, 41.8002778], [11.7861, 48.353802]]
                , [[12.2388889, 41.8002778], [16.56970024, 48.11029816]]
                , [[8.570556, 50.033333], [-84.428101, 33.6367]]
                , [[8.570556, 50.033333], [8.786669731, 53.04750061]]
                , [[8.570556, 50.033333], [-97.038002, 32.896801]]
                , [[8.570556, 50.033333], [-115.1520004, 36.08010101]]
                , [[8.570556, 50.033333], [-9.13592, 38.7813]]
                , [[8.570556, 50.033333], [-81.30899811, 28.42939949]]
                , [[8.570556, 50.033333], [-99.072098, 19.4363]]
                , [[8.570556, 50.033333], [14.4775, 35.857498]]
                , [[8.570556, 50.033333], [28.03070068, 53.88249969]]
                , [[8.570556, 50.033333], [13.00430012, 47.79330063]]
                , [[8.570556, 50.033333], [16.56970024, 48.11029816]]
                , [[-71.14230347, 21.44449997], [-72.26589966, 21.77359962]]
                , [[6.108950138, 46.23809814], [16.56970024, 48.11029816]]
                , [[9.685079575, 52.46110153], [16.56970024, 48.11029816]]
                , [[9.988229752, 53.63040161], [4.76389, 52.308601]]
                , [[9.988229752, 53.63040161], [16.56970024, 48.11029816]]
                , [[98.316902, 8.1132], [100.7470016, 13.68109989]]
                , [[-77.45580292, 38.94449997], [-112.012001, 33.43429947]]
                , [[-77.45580292, 38.94449997], [16.56970024, 48.11029816]]
                , [[11.344, 47.260201], [8.570556, 50.033333]]
                , [[11.344, 47.260201], [16.56970024, 48.11029816]]
                , [[28.751944, 41.275278], [37.07450104, -3.429409981]]
                , [[28.751944, 41.275278], [16.56970024, 48.11029816]]
                , [[-73.77890015, 40.63980103], [16.56970024, 48.11029816]]
                , [[103.669998, 1.64131], [110.3470001, 1.484699965]]
                , [[37.07450104, -3.429409981], [32.93270111, -2.444489956]]
                , [[23.50370026, 39.17710114], [16.56970024, 48.11029816]]
                , [[25.47929955, 36.39920044], [16.56970024, 48.11029816]]
                , [[30.8946991, 50.34500122], [16.56970024, 48.11029816]]
                , [[101.7099991, 2.745579958], [100.2770004, 5.297140121]]
                , [[101.7099991, 2.745579958], [16.56970024, 48.11029816]]
                , [[-115.1520004, 36.08010101], [8.570556, 50.033333]]
                , [[-118.4079971, 33.94250107], [-84.428101, 33.6367]]
                , [[33.62490082, 34.87509918], [16.56970024, 48.11029816]]
                , [[-73.87259674, 40.77719879], [-80.94309998, 35.2140007]]
                , [[123.735, 13.1575], [121.019997, 14.5086]]
                , [[-0.461941, 51.4706], [-97.038002, 32.896801]]
                , [[-0.461941, 51.4706], [11.7861, 48.353802]]
                , [[-0.461941, 51.4706], [16.56970024, 48.11029816]]
                , [[-0.461941, 51.4706], [-79.63059998, 43.67720032]]
                , [[-0.461941, 51.4706], [8.54917, 47.464699]]
                , [[9.27674, 45.445099], [16.56970024, 48.11029816]]
                , [[-9.13592, 38.7813], [-4.499110222, 36.67490005]]
                , [[-9.13592, 38.7813], [8.570556, 50.033333]]
                , [[-9.13592, 38.7813], [-3.56264, 40.471926]]
                , [[-9.13592, 38.7813], [-22.9494, 16.7414]]
                , [[-9.13592, 38.7813], [16.56970024, 48.11029816]]
                , [[6.2044444, 49.6233333], [8.570556, 50.033333]]
                , [[-3.56264, 40.471926], [8.570556, 50.033333]]
                , [[-3.56264, 40.471926], [-80.29060364, 25.79319954]]
                , [[-3.56264, 40.471926], [16.56970024, 48.11029816]]
                , [[-2.274950027, 53.35369873], [16.56970024, 48.11029816]]
                , [[-81.30899811, 28.42939949], [8.570556, 50.033333]]
                , [[-99.072098, 19.4363], [-86.87709808, 21.03650093]]
                , [[-99.072098, 19.4363], [8.570556, 50.033333]]
                , [[-80.29060364, 25.79319954], [-0.461941, 51.4706]]
                , [[-80.29060364, 25.79319954], [16.56970024, 48.11029816]]
                , [[14.4775, 35.857498], [17.947001, 40.6576]]
                , [[14.4775, 35.857498], [16.56970024, 48.11029816]]
                , [[121.019997, 14.5086], [100.7470016, 13.68109989]]
                , [[121.019997, 14.5086], [123.9789963, 10.30749989]]
                , [[57.683601, -20.430201], [16.56970024, 48.11029816]]
                , [[28.03070068, 53.88249969], [8.570556, 50.033333]]
                , [[11.7861, 48.353802], [12.2388889, 41.8002778]]
                , [[11.7861, 48.353802], [13.2877, 52.5597]]
                , [[11.7861, 48.353802], [16.56970024, 48.11029816]]
                , [[32.93270111, -2.444489956], [39.202599, -6.87811]]
                , [[8.72811, 45.6306], [16.56970024, 48.11029816]]
                , [[40.18180084, -10.33909988], [39.202599, -6.87811]]
                , [[113.9869995, 4.32201004], [116.0510025, 5.937210083]]
                , [[16.91220093, 58.78860092], [16.56970024, 48.11029816]]
                , [[26.085, 44.5711111], [16.56970024, 48.11029816]]
                , [[100.2770004, 5.297140121], [116.0510025, 5.937210083]]
                , [[-112.012001, 33.43429947], [-77.45580292, 38.94449997]]
                , [[-72.26589966, 21.77359962], [-74.16870117, 40.69250107]]
                , [[-72.26589966, 21.77359962], [-71.14230347, 21.44449997]]
                , [[2.738810062, 39.55170059], [16.56970024, 48.11029816]]
                , [[103.9931, 10.1698], [106.6520004, 10.81879997]]
                , [[14.26, 50.1008], [13.2877, 52.5597]]
                , [[14.26, 50.1008], [16.56970024, 48.11029816]]
                , [[-61.531799, 16.265301], [-73.74079895, 45.47060013]]
                , [[-68.36340332, 18.56739998], [2.55, 49.012798]]
                , [[23.97109985, 56.92359924], [16.56970024, 48.11029816]]
                , [[55.521801, -4.67434], [51.608056, 25.273056]]
                , [[55.521801, -4.67434], [55.69139862, -4.319290161]]
                , [[106.6520004, 10.81879997], [100.7470016, 13.68109989]]
                , [[106.6520004, 10.81879997], [103.9931, 10.1698]]
                , [[-22.9494, 16.7414], [-9.13592, 38.7813]]
                , [[103.994003, 1.35019], [8.570556, 50.033333]]
                , [[22.97089958, 40.5196991], [16.56970024, 48.11029816]]
                , [[0.234999999, 51.88499832], [16.56970024, 48.11029816]]
                , [[9.221960068, 48.68989944], [8.786669731, 53.04750061]]
                , [[9.221960068, 48.68989944], [9.988229752, 53.63040161]]
                , [[9.221960068, 48.68989944], [16.56970024, 48.11029816]]
                , [[7.628230095, 48.53829956], [16.56970024, 48.11029816]]
                , [[34.88669968, 32.01139832], [16.56970024, 48.11029816]]
                , [[13.2877, 52.5597], [17.91860008, 59.65190125]]
                , [[13.2877, 52.5597], [6.76678, 51.289501]]
                , [[13.2877, 52.5597], [8.570556, 50.033333]]
                , [[13.2877, 52.5597], [16.56970024, 48.11029816]]
                , [[12.3519, 45.505299], [16.56970024, 48.11029816]]
                , [[120.3574981, 17.5561453], [121.019997, 14.5086]]
                , [[16.56970024, 48.11029816], [9.560770035, 47.48500061]]
                , [[16.56970024, 48.11029816], [38.79930115, 8.977890015]]
                , [[16.56970024, 48.11029816], [4.76389, 52.308601]]
                , [[16.56970024, 48.11029816], [4.460279942, 51.18939972]]
                , [[16.56970024, 48.11029816], [23.94449997, 37.93640137]]
                , [[16.56970024, 48.11029816], [-84.428101, 33.6367]]
                , [[16.56970024, 48.11029816], [26.10210037, 44.50320053]]
                , [[16.56970024, 48.11029816], [2.07846, 41.2971]]
                , [[16.56970024, 48.11029816], [100.7470016, 13.68109989]]
                , [[16.56970024, 48.11029816], [11.2887, 44.5354]]
                , [[16.56970024, 48.11029816], [4.48443985, 50.90140152]]
                , [[16.56970024, 48.11029816], [2.55, 49.012798]]
                , [[16.56970024, 48.11029816], [19.9116993, 39.60189819]]
                , [[16.56970024, 48.11029816], [7.142739773, 50.86589813]]
                , [[16.56970024, 48.11029816], [12.65600014, 55.61790085]]
                , [[16.56970024, 48.11029816], [15.0664, 37.466801]]
                , [[16.56970024, 48.11029816], [7.612239838, 51.5182991]]
                , [[16.56970024, 48.11029816], [-6.27007, 53.421299]]
                , [[16.56970024, 48.11029816], [6.76678, 51.289501]]
                , [[16.56970024, 48.11029816], [55.36439896, 25.25279999]]
                , [[16.56970024, 48.11029816], [-74.16870117, 40.69250107]]
                , [[16.56970024, 48.11029816], [12.2388889, 41.8002778]]
                , [[16.56970024, 48.11029816], [8.570556, 50.033333]]
                , [[16.56970024, 48.11029816], [6.108950138, 46.23809814]]
                , [[16.56970024, 48.11029816], [9.988229752, 53.63040161]]
                , [[16.56970024, 48.11029816], [-77.45580292, 38.94449997]]
                , [[16.56970024, 48.11029816], [11.344, 47.260201]]
                , [[16.56970024, 48.11029816], [28.751944, 41.275278]]
                , [[16.56970024, 48.11029816], [-73.77890015, 40.63980103]]
                , [[16.56970024, 48.11029816], [23.50370026, 39.17710114]]
                , [[16.56970024, 48.11029816], [25.47929955, 36.39920044]]
                , [[16.56970024, 48.11029816], [30.8946991, 50.34500122]]
                , [[16.56970024, 48.11029816], [101.7099991, 2.745579958]]
                , [[16.56970024, 48.11029816], [33.62490082, 34.87509918]]
                , [[16.56970024, 48.11029816], [-0.190278, 51.148102]]
                , [[16.56970024, 48.11029816], [-0.461941, 51.4706]]
                , [[16.56970024, 48.11029816], [-9.13592, 38.7813]]
                , [[16.56970024, 48.11029816], [6.2044444, 49.6233333]]
                , [[16.56970024, 48.11029816], [-3.56264, 40.471926]]
                , [[16.56970024, 48.11029816], [-80.29060364, 25.79319954]]
                , [[16.56970024, 48.11029816], [14.4775, 35.857498]]
                , [[16.56970024, 48.11029816], [57.683601, -20.430201]]
                , [[16.56970024, 48.11029816], [11.7861, 48.353802]]
                , [[16.56970024, 48.11029816], [8.72811, 45.6306]]
                , [[16.56970024, 48.11029816], [26.085, 44.5711111]]
                , [[16.56970024, 48.11029816], [2.738810062, 39.55170059]]
                , [[16.56970024, 48.11029816], [14.26, 50.1008]]
                , [[16.56970024, 48.11029816], [23.97109985, 56.92359924]]
                , [[16.56970024, 48.11029816], [22.97089958, 40.5196991]]
                , [[16.56970024, 48.11029816], [0.234999999, 51.88499832]]
                , [[16.56970024, 48.11029816], [9.221960068, 48.68989944]]
                , [[16.56970024, 48.11029816], [7.628230095, 48.53829956]]
                , [[16.56970024, 48.11029816], [13.5225, 52.380001]]
                , [[16.56970024, 48.11029816], [34.88669968, 32.01139832]]
                , [[16.56970024, 48.11029816], [13.2877, 52.5597]]
                , [[16.56970024, 48.11029816], [12.3519, 45.505299]]
                , [[16.56970024, 48.11029816], [-0.481625, 39.4893]]
                , [[16.56970024, 48.11029816], [20.96710014, 52.16569901]]
                , [[16.56970024, 48.11029816], [-73.74079895, 45.47060013]]
                , [[16.56970024, 48.11029816], [-79.63059998, 43.67720032]]
                , [[16.56970024, 48.11029816], [8.54917, 47.464699]]
                , [[20.96710014, 52.16569901], [16.56970024, 48.11029816]]
                , [[-75.66919708, 45.32249832], [8.570556, 50.033333]]
                , [[-73.74079895, 45.47060013], [-0.461941, 51.4706]]
                , [[-73.74079895, 45.47060013], [-61.531799, 16.265301]]
                , [[-79.63059998, 43.67720032], [-68.959801, 12.1889]]
                , [[-79.63059998, 43.67720032], [-0.461941, 51.4706]]
                , [[-79.63059998, 43.67720032], [16.56970024, 48.11029816]]
                , [[-79.63059998, 43.67720032], [-75.66919708, 45.32249832]]
                , [[8.54917, 47.464699], [2.07846, 41.2971]]
                , [[8.54917, 47.464699], [-0.461941, 51.4706]]
                , [[8.54917, 47.464699], [9.27674, 45.445099]]
                , [[8.54917, 47.464699], [14.4775, 35.857498]]
                , [[8.54917, 47.464699], [16.56970024, 48.11029816]]
            ]
        }
    ]
});
window.addEventListener('keydown', function () {
    myChart.dispatchAction({
        type: 'lines3DToggleEffect',
        seriesIndex: 0
    });
});  
